# DATOS: Tirada, Conteo de: 1,2,3,4,5,6, Frecuencia: 1/tirada, 2/tirada, 3/tirada,4/tirada, 5/tirada, 6/tirada
1.000e+00 1.000e+00 0.000e+00 0.000e+00 0.000e+00 0.000e+00 0.000e+00 1.000e+00 0.000e+00 0.000e+00 0.000e+00 0.000e+00 0.000e+00
2.000e+00 2.000e+00 0.000e+00 0.000e+00 0.000e+00 0.000e+00 0.000e+00 1.000e+00 0.000e+00 0.000e+00 0.000e+00 0.000e+00 0.000e+00
3.000e+00 2.000e+00 1.000e+00 0.000e+00 0.000e+00 0.000e+00 0.000e+00 6.667e-01 3.333e-01 0.000e+00 0.000e+00 0.000e+00 0.000e+00
4.000e+00 2.000e+00 1.000e+00 0.000e+00 0.000e+00 1.000e+00 0.000e+00 5.000e-01 2.500e-01 0.000e+00 0.000e+00 2.500e-01 0.000e+00
5.000e+00 2.000e+00 1.000e+00 1.000e+00 0.000e+00 1.000e+00 0.000e+00 4.000e-01 2.000e-01 2.000e-01 0.000e+00 2.000e-01 0.000e+00
6.000e+00 3.000e+00 1.000e+00 1.000e+00 0.000e+00 1.000e+00 0.000e+00 5.000e-01 1.667e-01 1.667e-01 0.000e+00 1.667e-01 0.000e+00
7.000e+00 3.000e+00 1.000e+00 1.000e+00 1.000e+00 1.000e+00 0.000e+00 4.286e-01 1.429e-01 1.429e-01 1.429e-01 1.429e-01 0.000e+00
8.000e+00 3.000e+00 1.000e+00 1.000e+00 1.000e+00 2.000e+00 0.000e+00 3.750e-01 1.250e-01 1.250e-01 1.250e-01 2.500e-01 0.000e+00
9.000e+00 3.000e+00 1.000e+00 1.000e+00 1.000e+00 2.000e+00 1.000e+00 3.333e-01 1.111e-01 1.111e-01 1.111e-01 2.222e-01 1.111e-01
1.000e+01 3.000e+00 1.000e+00 1.000e+00 1.000e+00 2.000e+00 2.000e+00 3.000e-01 1.000e-01 1.000e-01 1.000e-01 2.000e-01 2.000e-01
1.100e+01 3.000e+00 1.000e+00 1.000e+00 2.000e+00 2.000e+00 2.000e+00 2.727e-01 9.091e-02 9.091e-02 1.818e-01 1.818e-01 1.818e-01
1.200e+01 3.000e+00 1.000e+00 1.000e+00 2.000e+00 2.000e+00 3.000e+00 2.500e-01 8.333e-02 8.333e-02 1.667e-01 1.667e-01 2.500e-01
1.300e+01 3.000e+00 1.000e+00 1.000e+00 3.000e+00 2.000e+00 3.000e+00 2.308e-01 7.692e-02 7.692e-02 2.308e-01 1.538e-01 2.308e-01
1.400e+01 4.000e+00 1.000e+00 1.000e+00 3.000e+00 2.000e+00 3.000e+00 2.857e-01 7.143e-02 7.143e-02 2.143e-01 1.429e-01 2.143e-01
1.500e+01 5.000e+00 1.000e+00 1.000e+00 3.000e+00 2.000e+00 3.000e+00 3.333e-01 6.667e-02 6.667e-02 2.000e-01 1.333e-01 2.000e-01
1.600e+01 5.000e+00 1.000e+00 1.000e+00 3.000e+00 3.000e+00 3.000e+00 3.125e-01 6.250e-02 6.250e-02 1.875e-01 1.875e-01 1.875e-01
1.700e+01 5.000e+00 2.000e+00 1.000e+00 3.000e+00 3.000e+00 3.000e+00 2.941e-01 1.176e-01 5.882e-02 1.765e-01 1.765e-01 1.765e-01
1.800e+01 5.000e+00 3.000e+00 1.000e+00 3.000e+00 3.000e+00 3.000e+00 2.778e-01 1.667e-01 5.556e-02 1.667e-01 1.667e-01 1.667e-01
1.900e+01 5.000e+00 4.000e+00 1.000e+00 3.000e+00 3.000e+00 3.000e+00 2.632e-01 2.105e-01 5.263e-02 1.579e-01 1.579e-01 1.579e-01
2.000e+01 6.000e+00 4.000e+00 1.000e+00 3.000e+00 3.000e+00 3.000e+00 3.000e-01 2.000e-01 5.000e-02 1.500e-01 1.500e-01 1.500e-01
2.100e+01 6.000e+00 4.000e+00 1.000e+00 3.000e+00 4.000e+00 3.000e+00 2.857e-01 1.905e-01 4.762e-02 1.429e-01 1.905e-01 1.429e-01
2.200e+01 6.000e+00 4.000e+00 1.000e+00 3.000e+00 4.000e+00 4.000e+00 2.727e-01 1.818e-01 4.545e-02 1.364e-01 1.818e-01 1.818e-01
2.300e+01 6.000e+00 4.000e+00 1.000e+00 3.000e+00 4.000e+00 5.000e+00 2.609e-01 1.739e-01 4.348e-02 1.304e-01 1.739e-01 2.174e-01
2.400e+01 6.000e+00 4.000e+00 1.000e+00 3.000e+00 5.000e+00 5.000e+00 2.500e-01 1.667e-01 4.167e-02 1.250e-01 2.083e-01 2.083e-01
2.500e+01 6.000e+00 5.000e+00 1.000e+00 3.000e+00 5.000e+00 5.000e+00 2.400e-01 2.000e-01 4.000e-02 1.200e-01 2.000e-01 2.000e-01
2.600e+01 6.000e+00 5.000e+00 1.000e+00 3.000e+00 6.000e+00 5.000e+00 2.308e-01 1.923e-01 3.846e-02 1.154e-01 2.308e-01 1.923e-01
2.700e+01 6.000e+00 5.000e+00 1.000e+00 3.000e+00 6.000e+00 6.000e+00 2.222e-01 1.852e-01 3.704e-02 1.111e-01 2.222e-01 2.222e-01
2.800e+01 7.000e+00 5.000e+00 1.000e+00 3.000e+00 6.000e+00 6.000e+00 2.500e-01 1.786e-01 3.571e-02 1.071e-01 2.143e-01 2.143e-01
2.900e+01 7.000e+00 5.000e+00 1.000e+00 3.000e+00 7.000e+00 6.000e+00 2.414e-01 1.724e-01 3.448e-02 1.034e-01 2.414e-01 2.069e-01
3.000e+01 7.000e+00 5.000e+00 2.000e+00 3.000e+00 7.000e+00 6.000e+00 2.333e-01 1.667e-01 6.667e-02 1.000e-01 2.333e-01 2.000e-01
3.100e+01 7.000e+00 5.000e+00 2.000e+00 4.000e+00 7.000e+00 6.000e+00 2.258e-01 1.613e-01 6.452e-02 1.290e-01 2.258e-01 1.935e-01
3.200e+01 7.000e+00 5.000e+00 2.000e+00 4.000e+00 8.000e+00 6.000e+00 2.188e-01 1.562e-01 6.250e-02 1.250e-01 2.500e-01 1.875e-01
3.300e+01 7.000e+00 5.000e+00 2.000e+00 5.000e+00 8.000e+00 6.000e+00 2.121e-01 1.515e-01 6.061e-02 1.515e-01 2.424e-01 1.818e-01
3.400e+01 7.000e+00 5.000e+00 2.000e+00 6.000e+00 8.000e+00 6.000e+00 2.059e-01 1.471e-01 5.882e-02 1.765e-01 2.353e-01 1.765e-01
3.500e+01 7.000e+00 6.000e+00 2.000e+00 6.000e+00 8.000e+00 6.000e+00 2.000e-01 1.714e-01 5.714e-02 1.714e-01 2.286e-01 1.714e-01
3.600e+01 7.000e+00 6.000e+00 3.000e+00 6.000e+00 8.000e+00 6.000e+00 1.944e-01 1.667e-01 8.333e-02 1.667e-01 2.222e-01 1.667e-01
3.700e+01 7.000e+00 6.000e+00 3.000e+00 6.000e+00 8.000e+00 7.000e+00 1.892e-01 1.622e-01 8.108e-02 1.622e-01 2.162e-01 1.892e-01
3.800e+01 7.000e+00 6.000e+00 3.000e+00 7.000e+00 8.000e+00 7.000e+00 1.842e-01 1.579e-01 7.895e-02 1.842e-01 2.105e-01 1.842e-01
3.900e+01 7.000e+00 6.000e+00 4.000e+00 7.000e+00 8.000e+00 7.000e+00 1.795e-01 1.538e-01 1.026e-01 1.795e-01 2.051e-01 1.795e-01
4.000e+01 8.000e+00 6.000e+00 4.000e+00 7.000e+00 8.000e+00 7.000e+00 2.000e-01 1.500e-01 1.000e-01 1.750e-01 2.000e-01 1.750e-01
4.100e+01 8.000e+00 7.000e+00 4.000e+00 7.000e+00 8.000e+00 7.000e+00 1.951e-01 1.707e-01 9.756e-02 1.707e-01 1.951e-01 1.707e-01
4.200e+01 8.000e+00 7.000e+00 4.000e+00 8.000e+00 8.000e+00 7.000e+00 1.905e-01 1.667e-01 9.524e-02 1.905e-01 1.905e-01 1.667e-01
4.300e+01 8.000e+00 7.000e+00 5.000e+00 8.000e+00 8.000e+00 7.000e+00 1.860e-01 1.628e-01 1.163e-01 1.860e-01 1.860e-01 1.628e-01
4.400e+01 8.000e+00 7.000e+00 5.000e+00 8.000e+00 8.000e+00 8.000e+00 1.818e-01 1.591e-01 1.136e-01 1.818e-01 1.818e-01 1.818e-01
4.500e+01 8.000e+00 7.000e+00 5.000e+00 9.000e+00 8.000e+00 8.000e+00 1.778e-01 1.556e-01 1.111e-01 2.000e-01 1.778e-01 1.778e-01
4.600e+01 8.000e+00 7.000e+00 5.000e+00 9.000e+00 8.000e+00 9.000e+00 1.739e-01 1.522e-01 1.087e-01 1.957e-01 1.739e-01 1.957e-01
4.700e+01 8.000e+00 7.000e+00 5.000e+00 1.000e+01 8.000e+00 9.000e+00 1.702e-01 1.489e-01 1.064e-01 2.128e-01 1.702e-01 1.915e-01
4.800e+01 8.000e+00 7.000e+00 6.000e+00 1.000e+01 8.000e+00 9.000e+00 1.667e-01 1.458e-01 1.250e-01 2.083e-01 1.667e-01 1.875e-01
4.900e+01 8.000e+00 7.000e+00 6.000e+00 1.100e+01 8.000e+00 9.000e+00 1.633e-01 1.429e-01 1.224e-01 2.245e-01 1.633e-01 1.837e-01
5.000e+01 8.000e+00 7.000e+00 7.000e+00 1.100e+01 8.000e+00 9.000e+00 1.600e-01 1.400e-01 1.400e-01 2.200e-01 1.600e-01 1.800e-01
5.100e+01 8.000e+00 7.000e+00 7.000e+00 1.100e+01 8.000e+00 1.000e+01 1.569e-01 1.373e-01 1.373e-01 2.157e-01 1.569e-01 1.961e-01
5.200e+01 8.000e+00 7.000e+00 7.000e+00 1.100e+01 8.000e+00 1.100e+01 1.538e-01 1.346e-01 1.346e-01 2.115e-01 1.538e-01 2.115e-01
5.300e+01 8.000e+00 7.000e+00 8.000e+00 1.100e+01 8.000e+00 1.100e+01 1.509e-01 1.321e-01 1.509e-01 2.075e-01 1.509e-01 2.075e-01
5.400e+01 9.000e+00 7.000e+00 8.000e+00 1.100e+01 8.000e+00 1.100e+01 1.667e-01 1.296e-01 1.481e-01 2.037e-01 1.481e-01 2.037e-01
5.500e+01 9.000e+00 7.000e+00 8.000e+00 1.100e+01 8.000e+00 1.200e+01 1.636e-01 1.273e-01 1.455e-01 2.000e-01 1.455e-01 2.182e-01
5.600e+01 1.000e+01 7.000e+00 8.000e+00 1.100e+01 8.000e+00 1.200e+01 1.786e-01 1.250e-01 1.429e-01 1.964e-01 1.429e-01 2.143e-01
5.700e+01 1.000e+01 7.000e+00 8.000e+00 1.100e+01 8.000e+00 1.300e+01 1.754e-01 1.228e-01 1.404e-01 1.930e-01 1.404e-01 2.281e-01
5.800e+01 1.000e+01 8.000e+00 8.000e+00 1.100e+01 8.000e+00 1.300e+01 1.724e-01 1.379e-01 1.379e-01 1.897e-01 1.379e-01 2.241e-01
5.900e+01 1.000e+01 8.000e+00 9.000e+00 1.100e+01 8.000e+00 1.300e+01 1.695e-01 1.356e-01 1.525e-01 1.864e-01 1.356e-01 2.203e-01
6.000e+01 1.000e+01 9.000e+00 9.000e+00 1.100e+01 8.000e+00 1.300e+01 1.667e-01 1.500e-01 1.500e-01 1.833e-01 1.333e-01 2.167e-01
6.100e+01 1.100e+01 9.000e+00 9.000e+00 1.100e+01 8.000e+00 1.300e+01 1.803e-01 1.475e-01 1.475e-01 1.803e-01 1.311e-01 2.131e-01
6.200e+01 1.100e+01 1.000e+01 9.000e+00 1.100e+01 8.000e+00 1.300e+01 1.774e-01 1.613e-01 1.452e-01 1.774e-01 1.290e-01 2.097e-01
6.300e+01 1.100e+01 1.000e+01 9.000e+00 1.200e+01 8.000e+00 1.300e+01 1.746e-01 1.587e-01 1.429e-01 1.905e-01 1.270e-01 2.063e-01
6.400e+01 1.100e+01 1.000e+01 9.000e+00 1.200e+01 9.000e+00 1.300e+01 1.719e-01 1.562e-01 1.406e-01 1.875e-01 1.406e-01 2.031e-01
6.500e+01 1.100e+01 1.000e+01 1.000e+01 1.200e+01 9.000e+00 1.300e+01 1.692e-01 1.538e-01 1.538e-01 1.846e-01 1.385e-01 2.000e-01
6.600e+01 1.100e+01 1.000e+01 1.000e+01 1.200e+01 9.000e+00 1.400e+01 1.667e-01 1.515e-01 1.515e-01 1.818e-01 1.364e-01 2.121e-01
6.700e+01 1.100e+01 1.000e+01 1.100e+01 1.200e+01 9.000e+00 1.400e+01 1.642e-01 1.493e-01 1.642e-01 1.791e-01 1.343e-01 2.090e-01
6.800e+01 1.200e+01 1.000e+01 1.100e+01 1.200e+01 9.000e+00 1.400e+01 1.765e-01 1.471e-01 1.618e-01 1.765e-01 1.324e-01 2.059e-01
6.900e+01 1.200e+01 1.100e+01 1.100e+01 1.200e+01 9.000e+00 1.400e+01 1.739e-01 1.594e-01 1.594e-01 1.739e-01 1.304e-01 2.029e-01
7.000e+01 1.200e+01 1.200e+01 1.100e+01 1.200e+01 9.000e+00 1.400e+01 1.714e-01 1.714e-01 1.571e-01 1.714e-01 1.286e-01 2.000e-01
7.100e+01 1.200e+01 1.300e+01 1.100e+01 1.200e+01 9.000e+00 1.400e+01 1.690e-01 1.831e-01 1.549e-01 1.690e-01 1.268e-01 1.972e-01
7.200e+01 1.200e+01 1.300e+01 1.100e+01 1.200e+01 1.000e+01 1.400e+01 1.667e-01 1.806e-01 1.528e-01 1.667e-01 1.389e-01 1.944e-01
7.300e+01 1.200e+01 1.300e+01 1.100e+01 1.300e+01 1.000e+01 1.400e+01 1.644e-01 1.781e-01 1.507e-01 1.781e-01 1.370e-01 1.918e-01
7.400e+01 1.200e+01 1.300e+01 1.100e+01 1.300e+01 1.100e+01 1.400e+01 1.622e-01 1.757e-01 1.486e-01 1.757e-01 1.486e-01 1.892e-01
7.500e+01 1.200e+01 1.300e+01 1.100e+01 1.400e+01 1.100e+01 1.400e+01 1.600e-01 1.733e-01 1.467e-01 1.867e-01 1.467e-01 1.867e-01
7.600e+01 1.300e+01 1.300e+01 1.100e+01 1.400e+01 1.100e+01 1.400e+01 1.711e-01 1.711e-01 1.447e-01 1.842e-01 1.447e-01 1.842e-01
7.700e+01 1.300e+01 1.300e+01 1.100e+01 1.400e+01 1.100e+01 1.500e+01 1.688e-01 1.688e-01 1.429e-01 1.818e-01 1.429e-01 1.948e-01
7.800e+01 1.300e+01 1.300e+01 1.200e+01 1.400e+01 1.100e+01 1.500e+01 1.667e-01 1.667e-01 1.538e-01 1.795e-01 1.410e-01 1.923e-01
7.900e+01 1.300e+01 1.300e+01 1.200e+01 1.500e+01 1.100e+01 1.500e+01 1.646e-01 1.646e-01 1.519e-01 1.899e-01 1.392e-01 1.899e-01
8.000e+01 1.300e+01 1.400e+01 1.200e+01 1.500e+01 1.100e+01 1.500e+01 1.625e-01 1.750e-01 1.500e-01 1.875e-01 1.375e-01 1.875e-01
8.100e+01 1.300e+01 1.400e+01 1.200e+01 1.500e+01 1.100e+01 1.600e+01 1.605e-01 1.728e-01 1.481e-01 1.852e-01 1.358e-01 1.975e-01
8.200e+01 1.300e+01 1.400e+01 1.200e+01 1.500e+01 1.200e+01 1.600e+01 1.585e-01 1.707e-01 1.463e-01 1.829e-01 1.463e-01 1.951e-01
8.300e+01 1.300e+01 1.500e+01 1.200e+01 1.500e+01 1.200e+01 1.600e+01 1.566e-01 1.807e-01 1.446e-01 1.807e-01 1.446e-01 1.928e-01
8.400e+01 1.400e+01 1.500e+01 1.200e+01 1.500e+01 1.200e+01 1.600e+01 1.667e-01 1.786e-01 1.429e-01 1.786e-01 1.429e-01 1.905e-01
8.500e+01 1.400e+01 1.600e+01 1.200e+01 1.500e+01 1.200e+01 1.600e+01 1.647e-01 1.882e-01 1.412e-01 1.765e-01 1.412e-01 1.882e-01
8.600e+01 1.400e+01 1.600e+01 1.200e+01 1.500e+01 1.300e+01 1.600e+01 1.628e-01 1.860e-01 1.395e-01 1.744e-01 1.512e-01 1.860e-01
8.700e+01 1.400e+01 1.600e+01 1.200e+01 1.500e+01 1.400e+01 1.600e+01 1.609e-01 1.839e-01 1.379e-01 1.724e-01 1.609e-01 1.839e-01
8.800e+01 1.400e+01 1.700e+01 1.200e+01 1.500e+01 1.400e+01 1.600e+01 1.591e-01 1.932e-01 1.364e-01 1.705e-01 1.591e-01 1.818e-01
8.900e+01 1.400e+01 1.700e+01 1.200e+01 1.500e+01 1.500e+01 1.600e+01 1.573e-01 1.910e-01 1.348e-01 1.685e-01 1.685e-01 1.798e-01
9.000e+01 1.400e+01 1.700e+01 1.200e+01 1.500e+01 1.500e+01 1.700e+01 1.556e-01 1.889e-01 1.333e-01 1.667e-01 1.667e-01 1.889e-01
9.100e+01 1.400e+01 1.800e+01 1.200e+01 1.500e+01 1.500e+01 1.700e+01 1.538e-01 1.978e-01 1.319e-01 1.648e-01 1.648e-01 1.868e-01
9.200e+01 1.400e+01 1.800e+01 1.200e+01 1.500e+01 1.500e+01 1.800e+01 1.522e-01 1.957e-01 1.304e-01 1.630e-01 1.630e-01 1.957e-01
9.300e+01 1.500e+01 1.800e+01 1.200e+01 1.500e+01 1.500e+01 1.800e+01 1.613e-01 1.935e-01 1.290e-01 1.613e-01 1.613e-01 1.935e-01
9.400e+01 1.500e+01 1.800e+01 1.300e+01 1.500e+01 1.500e+01 1.800e+01 1.596e-01 1.915e-01 1.383e-01 1.596e-01 1.596e-01 1.915e-01
9.500e+01 1.600e+01 1.800e+01 1.300e+01 1.500e+01 1.500e+01 1.800e+01 1.684e-01 1.895e-01 1.368e-01 1.579e-01 1.579e-01 1.895e-01
9.600e+01 1.600e+01 1.800e+01 1.300e+01 1.500e+01 1.500e+01 1.900e+01 1.667e-01 1.875e-01 1.354e-01 1.562e-01 1.562e-01 1.979e-01
9.700e+01 1.600e+01 1.800e+01 1.300e+01 1.600e+01 1.500e+01 1.900e+01 1.649e-01 1.856e-01 1.340e-01 1.649e-01 1.546e-01 1.959e-01
9.800e+01 1.600e+01 1.900e+01 1.300e+01 1.600e+01 1.500e+01 1.900e+01 1.633e-01 1.939e-01 1.327e-01 1.633e-01 1.531e-01 1.939e-01
9.900e+01 1.600e+01 1.900e+01 1.300e+01 1.700e+01 1.500e+01 1.900e+01 1.616e-01 1.919e-01 1.313e-01 1.717e-01 1.515e-01 1.919e-01
1.000e+02 1.600e+01 1.900e+01 1.300e+01 1.800e+01 1.500e+01 1.900e+01 1.600e-01 1.900e-01 1.300e-01 1.800e-01 1.500e-01 1.900e-01
1.010e+02 1.600e+01 2.000e+01 1.300e+01 1.800e+01 1.500e+01 1.900e+01 1.584e-01 1.980e-01 1.287e-01 1.782e-01 1.485e-01 1.881e-01
1.020e+02 1.600e+01 2.000e+01 1.400e+01 1.800e+01 1.500e+01 1.900e+01 1.569e-01 1.961e-01 1.373e-01 1.765e-01 1.471e-01 1.863e-01
1.030e+02 1.600e+01 2.100e+01 1.400e+01 1.800e+01 1.500e+01 1.900e+01 1.553e-01 2.039e-01 1.359e-01 1.748e-01 1.456e-01 1.845e-01
1.040e+02 1.600e+01 2.100e+01 1.400e+01 1.900e+01 1.500e+01 1.900e+01 1.538e-01 2.019e-01 1.346e-01 1.827e-01 1.442e-01 1.827e-01
1.050e+02 1.600e+01 2.100e+01 1.400e+01 1.900e+01 1.500e+01 2.000e+01 1.524e-01 2.000e-01 1.333e-01 1.810e-01 1.429e-01 1.905e-01
1.060e+02 1.700e+01 2.100e+01 1.400e+01 1.900e+01 1.500e+01 2.000e+01 1.604e-01 1.981e-01 1.321e-01 1.792e-01 1.415e-01 1.887e-01
1.070e+02 1.700e+01 2.100e+01 1.400e+01 2.000e+01 1.500e+01 2.000e+01 1.589e-01 1.963e-01 1.308e-01 1.869e-01 1.402e-01 1.869e-01
1.080e+02 1.800e+01 2.100e+01 1.400e+01 2.000e+01 1.500e+01 2.000e+01 1.667e-01 1.944e-01 1.296e-01 1.852e-01 1.389e-01 1.852e-01
1.090e+02 1.800e+01 2.100e+01 1.400e+01 2.000e+01 1.500e+01 2.100e+01 1.651e-01 1.927e-01 1.284e-01 1.835e-01 1.376e-01 1.927e-01
1.100e+02 1.800e+01 2.100e+01 1.400e+01 2.000e+01 1.500e+01 2.200e+01 1.636e-01 1.909e-01 1.273e-01 1.818e-01 1.364e-01 2.000e-01
1.110e+02 1.800e+01 2.200e+01 1.400e+01 2.000e+01 1.500e+01 2.200e+01 1.622e-01 1.982e-01 1.261e-01 1.802e-01 1.351e-01 1.982e-01
1.120e+02 1.800e+01 2.200e+01 1.400e+01 2.100e+01 1.500e+01 2.200e+01 1.607e-01 1.964e-01 1.250e-01 1.875e-01 1.339e-01 1.964e-01
1.130e+02 1.800e+01 2.200e+01 1.500e+01 2.100e+01 1.500e+01 2.200e+01 1.593e-01 1.947e-01 1.327e-01 1.858e-01 1.327e-01 1.947e-01
1.140e+02 1.800e+01 2.200e+01 1.500e+01 2.100e+01 1.500e+01 2.300e+01 1.579e-01 1.930e-01 1.316e-01 1.842e-01 1.316e-01 2.018e-01
1.150e+02 1.800e+01 2.200e+01 1.500e+01 2.100e+01 1.600e+01 2.300e+01 1.565e-01 1.913e-01 1.304e-01 1.826e-01 1.391e-01 2.000e-01
1.160e+02 1.900e+01 2.200e+01 1.500e+01 2.100e+01 1.600e+01 2.300e+01 1.638e-01 1.897e-01 1.293e-01 1.810e-01 1.379e-01 1.983e-01
1.170e+02 1.900e+01 2.200e+01 1.500e+01 2.200e+01 1.600e+01 2.300e+01 1.624e-01 1.880e-01 1.282e-01 1.880e-01 1.368e-01 1.966e-01
1.180e+02 2.000e+01 2.200e+01 1.500e+01 2.200e+01 1.600e+01 2.300e+01 1.695e-01 1.864e-01 1.271e-01 1.864e-01 1.356e-01 1.949e-01
1.190e+02 2.000e+01 2.200e+01 1.500e+01 2.200e+01 1.600e+01 2.400e+01 1.681e-01 1.849e-01 1.261e-01 1.849e-01 1.345e-01 2.017e-01
1.200e+02 2.000e+01 2.200e+01 1.500e+01 2.200e+01 1.700e+01 2.400e+01 1.667e-01 1.833e-01 1.250e-01 1.833e-01 1.417e-01 2.000e-01
1.210e+02 2.000e+01 2.200e+01 1.500e+01 2.200e+01 1.700e+01 2.500e+01 1.653e-01 1.818e-01 1.240e-01 1.818e-01 1.405e-01 2.066e-01
1.220e+02 2.100e+01 2.200e+01 1.500e+01 2.200e+01 1.700e+01 2.500e+01 1.721e-01 1.803e-01 1.230e-01 1.803e-01 1.393e-01 2.049e-01
1.230e+02 2.100e+01 2.200e+01 1.500e+01 2.300e+01 1.700e+01 2.500e+01 1.707e-01 1.789e-01 1.220e-01 1.870e-01 1.382e-01 2.033e-01
1.240e+02 2.100e+01 2.200e+01 1.500e+01 2.300e+01 1.700e+01 2.600e+01 1.694e-01 1.774e-01 1.210e-01 1.855e-01 1.371e-01 2.097e-01
1.250e+02 2.100e+01 2.300e+01 1.500e+01 2.300e+01 1.700e+01 2.600e+01 1.680e-01 1.840e-01 1.200e-01 1.840e-01 1.360e-01 2.080e-01
1.260e+02 2.100e+01 2.300e+01 1.600e+01 2.300e+01 1.700e+01 2.600e+01 1.667e-01 1.825e-01 1.270e-01 1.825e-01 1.349e-01 2.063e-01
1.270e+02 2.200e+01 2.300e+01 1.600e+01 2.300e+01 1.700e+01 2.600e+01 1.732e-01 1.811e-01 1.260e-01 1.811e-01 1.339e-01 2.047e-01
1.280e+02 2.200e+01 2.300e+01 1.600e+01 2.400e+01 1.700e+01 2.600e+01 1.719e-01 1.797e-01 1.250e-01 1.875e-01 1.328e-01 2.031e-01
1.290e+02 2.300e+01 2.300e+01 1.600e+01 2.400e+01 1.700e+01 2.600e+01 1.783e-01 1.783e-01 1.240e-01 1.860e-01 1.318e-01 2.016e-01
1.300e+02 2.300e+01 2.300e+01 1.600e+01 2.500e+01 1.700e+01 2.600e+01 1.769e-01 1.769e-01 1.231e-01 1.923e-01 1.308e-01 2.000e-01
1.310e+02 2.300e+01 2.400e+01 1.600e+01 2.500e+01 1.700e+01 2.600e+01 1.756e-01 1.832e-01 1.221e-01 1.908e-01 1.298e-01 1.985e-01
1.320e+02 2.300e+01 2.500e+01 1.600e+01 2.500e+01 1.700e+01 2.600e+01 1.742e-01 1.894e-01 1.212e-01 1.894e-01 1.288e-01 1.970e-01
1.330e+02 2.300e+01 2.500e+01 1.600e+01 2.500e+01 1.700e+01 2.700e+01 1.729e-01 1.880e-01 1.203e-01 1.880e-01 1.278e-01 2.030e-01
1.340e+02 2.300e+01 2.500e+01 1.700e+01 2.500e+01 1.700e+01 2.700e+01 1.716e-01 1.866e-01 1.269e-01 1.866e-01 1.269e-01 2.015e-01
1.350e+02 2.300e+01 2.500e+01 1.800e+01 2.500e+01 1.700e+01 2.700e+01 1.704e-01 1.852e-01 1.333e-01 1.852e-01 1.259e-01 2.000e-01
1.360e+02 2.400e+01 2.500e+01 1.800e+01 2.500e+01 1.700e+01 2.700e+01 1.765e-01 1.838e-01 1.324e-01 1.838e-01 1.250e-01 1.985e-01
1.370e+02 2.500e+01 2.500e+01 1.800e+01 2.500e+01 1.700e+01 2.700e+01 1.825e-01 1.825e-01 1.314e-01 1.825e-01 1.241e-01 1.971e-01
1.380e+02 2.500e+01 2.500e+01 1.800e+01 2.600e+01 1.700e+01 2.700e+01 1.812e-01 1.812e-01 1.304e-01 1.884e-01 1.232e-01 1.957e-01
1.390e+02 2.600e+01 2.500e+01 1.800e+01 2.600e+01 1.700e+01 2.700e+01 1.871e-01 1.799e-01 1.295e-01 1.871e-01 1.223e-01 1.942e-01
1.400e+02 2.600e+01 2.600e+01 1.800e+01 2.600e+01 1.700e+01 2.700e+01 1.857e-01 1.857e-01 1.286e-01 1.857e-01 1.214e-01 1.929e-01
1.410e+02 2.600e+01 2.600e+01 1.800e+01 2.600e+01 1.700e+01 2.800e+01 1.844e-01 1.844e-01 1.277e-01 1.844e-01 1.206e-01 1.986e-01
1.420e+02 2.600e+01 2.700e+01 1.800e+01 2.600e+01 1.700e+01 2.800e+01 1.831e-01 1.901e-01 1.268e-01 1.831e-01 1.197e-01 1.972e-01
1.430e+02 2.600e+01 2.700e+01 1.800e+01 2.600e+01 1.800e+01 2.800e+01 1.818e-01 1.888e-01 1.259e-01 1.818e-01 1.259e-01 1.958e-01
1.440e+02 2.600e+01 2.700e+01 1.800e+01 2.600e+01 1.900e+01 2.800e+01 1.806e-01 1.875e-01 1.250e-01 1.806e-01 1.319e-01 1.944e-01
1.450e+02 2.600e+01 2.700e+01 1.800e+01 2.600e+01 2.000e+01 2.800e+01 1.793e-01 1.862e-01 1.241e-01 1.793e-01 1.379e-01 1.931e-01
1.460e+02 2.600e+01 2.700e+01 1.800e+01 2.700e+01 2.000e+01 2.800e+01 1.781e-01 1.849e-01 1.233e-01 1.849e-01 1.370e-01 1.918e-01
1.470e+02 2.600e+01 2.700e+01 1.800e+01 2.700e+01 2.100e+01 2.800e+01 1.769e-01 1.837e-01 1.224e-01 1.837e-01 1.429e-01 1.905e-01
1.480e+02 2.600e+01 2.700e+01 1.800e+01 2.800e+01 2.100e+01 2.800e+01 1.757e-01 1.824e-01 1.216e-01 1.892e-01 1.419e-01 1.892e-01
1.490e+02 2.600e+01 2.700e+01 1.800e+01 2.800e+01 2.100e+01 2.900e+01 1.745e-01 1.812e-01 1.208e-01 1.879e-01 1.409e-01 1.946e-01
1.500e+02 2.600e+01 2.700e+01 1.800e+01 2.800e+01 2.200e+01 2.900e+01 1.733e-01 1.800e-01 1.200e-01 1.867e-01 1.467e-01 1.933e-01
1.510e+02 2.700e+01 2.700e+01 1.800e+01 2.800e+01 2.200e+01 2.900e+01 1.788e-01 1.788e-01 1.192e-01 1.854e-01 1.457e-01 1.921e-01
1.520e+02 2.700e+01 2.700e+01 1.800e+01 2.800e+01 2.300e+01 2.900e+01 1.776e-01 1.776e-01 1.184e-01 1.842e-01 1.513e-01 1.908e-01
1.530e+02 2.700e+01 2.800e+01 1.800e+01 2.800e+01 2.300e+01 2.900e+01 1.765e-01 1.830e-01 1.176e-01 1.830e-01 1.503e-01 1.895e-01
1.540e+02 2.700e+01 2.800e+01 1.800e+01 2.800e+01 2.400e+01 2.900e+01 1.753e-01 1.818e-01 1.169e-01 1.818e-01 1.558e-01 1.883e-01
1.550e+02 2.700e+01 2.800e+01 1.900e+01 2.800e+01 2.400e+01 2.900e+01 1.742e-01 1.806e-01 1.226e-01 1.806e-01 1.548e-01 1.871e-01
1.560e+02 2.700e+01 2.800e+01 2.000e+01 2.800e+01 2.400e+01 2.900e+01 1.731e-01 1.795e-01 1.282e-01 1.795e-01 1.538e-01 1.859e-01
1.570e+02 2.700e+01 2.900e+01 2.000e+01 2.800e+01 2.400e+01 2.900e+01 1.720e-01 1.847e-01 1.274e-01 1.783e-01 1.529e-01 1.847e-01
1.580e+02 2.700e+01 2.900e+01 2.100e+01 2.800e+01 2.400e+01 2.900e+01 1.709e-01 1.835e-01 1.329e-01 1.772e-01 1.519e-01 1.835e-01
1.590e+02 2.700e+01 2.900e+01 2.100e+01 2.800e+01 2.400e+01 3.000e+01 1.698e-01 1.824e-01 1.321e-01 1.761e-01 1.509e-01 1.887e-01
1.600e+02 2.700e+01 2.900e+01 2.100e+01 2.900e+01 2.400e+01 3.000e+01 1.688e-01 1.812e-01 1.313e-01 1.812e-01 1.500e-01 1.875e-01
1.610e+02 2.700e+01 2.900e+01 2.100e+01 2.900e+01 2.400e+01 3.100e+01 1.677e-01 1.801e-01 1.304e-01 1.801e-01 1.491e-01 1.925e-01
1.620e+02 2.800e+01 2.900e+01 2.100e+01 2.900e+01 2.400e+01 3.100e+01 1.728e-01 1.790e-01 1.296e-01 1.790e-01 1.481e-01 1.914e-01
1.630e+02 2.800e+01 3.000e+01 2.100e+01 2.900e+01 2.400e+01 3.100e+01 1.718e-01 1.840e-01 1.288e-01 1.779e-01 1.472e-01 1.902e-01
1.640e+02 2.800e+01 3.000e+01 2.100e+01 2.900e+01 2.500e+01 3.100e+01 1.707e-01 1.829e-01 1.280e-01 1.768e-01 1.524e-01 1.890e-01
1.650e+02 2.800e+01 3.000e+01 2.200e+01 2.900e+01 2.500e+01 3.100e+01 1.697e-01 1.818e-01 1.333e-01 1.758e-01 1.515e-01 1.879e-01
1.660e+02 2.800e+01 3.000e+01 2.200e+01 3.000e+01 2.500e+01 3.100e+01 1.687e-01 1.807e-01 1.325e-01 1.807e-01 1.506e-01 1.867e-01
1.670e+02 2.800e+01 3.000e+01 2.200e+01 3.000e+01 2.500e+01 3.200e+01 1.677e-01 1.796e-01 1.317e-01 1.796e-01 1.497e-01 1.916e-01
1.680e+02 2.800e+01 3.000e+01 2.200e+01 3.000e+01 2.500e+01 3.300e+01 1.667e-01 1.786e-01 1.310e-01 1.786e-01 1.488e-01 1.964e-01
1.690e+02 2.800e+01 3.000e+01 2.300e+01 3.000e+01 2.500e+01 3.300e+01 1.657e-01 1.775e-01 1.361e-01 1.775e-01 1.479e-01 1.953e-01
1.700e+02 2.800e+01 3.000e+01 2.300e+01 3.000e+01 2.500e+01 3.400e+01 1.647e-01 1.765e-01 1.353e-01 1.765e-01 1.471e-01 2.000e-01
1.710e+02 2.800e+01 3.000e+01 2.300e+01 3.000e+01 2.500e+01 3.500e+01 1.637e-01 1.754e-01 1.345e-01 1.754e-01 1.462e-01 2.047e-01
1.720e+02 2.800e+01 3.000e+01 2.300e+01 3.100e+01 2.500e+01 3.500e+01 1.628e-01 1.744e-01 1.337e-01 1.802e-01 1.453e-01 2.035e-01
1.730e+02 2.900e+01 3.000e+01 2.300e+01 3.100e+01 2.500e+01 3.500e+01 1.676e-01 1.734e-01 1.329e-01 1.792e-01 1.445e-01 2.023e-01
1.740e+02 2.900e+01 3.000e+01 2.300e+01 3.200e+01 2.500e+01 3.500e+01 1.667e-01 1.724e-01 1.322e-01 1.839e-01 1.437e-01 2.011e-01
1.750e+02 2.900e+01 3.000e+01 2.300e+01 3.200e+01 2.600e+01 3.500e+01 1.657e-01 1.714e-01 1.314e-01 1.829e-01 1.486e-01 2.000e-01
1.760e+02 2.900e+01 3.000e+01 2.300e+01 3.300e+01 2.600e+01 3.500e+01 1.648e-01 1.705e-01 1.307e-01 1.875e-01 1.477e-01 1.989e-01
1.770e+02 2.900e+01 3.000e+01 2.300e+01 3.300e+01 2.600e+01 3.600e+01 1.638e-01 1.695e-01 1.299e-01 1.864e-01 1.469e-01 2.034e-01
1.780e+02 2.900e+01 3.000e+01 2.400e+01 3.300e+01 2.600e+01 3.600e+01 1.629e-01 1.685e-01 1.348e-01 1.854e-01 1.461e-01 2.022e-01
1.790e+02 2.900e+01 3.000e+01 2.400e+01 3.400e+01 2.600e+01 3.600e+01 1.620e-01 1.676e-01 1.341e-01 1.899e-01 1.453e-01 2.011e-01
1.800e+02 2.900e+01 3.000e+01 2.500e+01 3.400e+01 2.600e+01 3.600e+01 1.611e-01 1.667e-01 1.389e-01 1.889e-01 1.444e-01 2.000e-01
1.810e+02 2.900e+01 3.000e+01 2.600e+01 3.400e+01 2.600e+01 3.600e+01 1.602e-01 1.657e-01 1.436e-01 1.878e-01 1.436e-01 1.989e-01
1.820e+02 3.000e+01 3.000e+01 2.600e+01 3.400e+01 2.600e+01 3.600e+01 1.648e-01 1.648e-01 1.429e-01 1.868e-01 1.429e-01 1.978e-01
1.830e+02 3.100e+01 3.000e+01 2.600e+01 3.400e+01 2.600e+01 3.600e+01 1.694e-01 1.639e-01 1.421e-01 1.858e-01 1.421e-01 1.967e-01
1.840e+02 3.100e+01 3.000e+01 2.600e+01 3.400e+01 2.600e+01 3.700e+01 1.685e-01 1.630e-01 1.413e-01 1.848e-01 1.413e-01 2.011e-01
1.850e+02 3.100e+01 3.000e+01 2.600e+01 3.400e+01 2.600e+01 3.800e+01 1.676e-01 1.622e-01 1.405e-01 1.838e-01 1.405e-01 2.054e-01
1.860e+02 3.100e+01 3.000e+01 2.600e+01 3.500e+01 2.600e+01 3.800e+01 1.667e-01 1.613e-01 1.398e-01 1.882e-01 1.398e-01 2.043e-01
1.870e+02 3.100e+01 3.000e+01 2.700e+01 3.500e+01 2.600e+01 3.800e+01 1.658e-01 1.604e-01 1.444e-01 1.872e-01 1.390e-01 2.032e-01
1.880e+02 3.100e+01 3.000e+01 2.800e+01 3.500e+01 2.600e+01 3.800e+01 1.649e-01 1.596e-01 1.489e-01 1.862e-01 1.383e-01 2.021e-01
1.890e+02 3.100e+01 3.000e+01 2.800e+01 3.500e+01 2.600e+01 3.900e+01 1.640e-01 1.587e-01 1.481e-01 1.852e-01 1.376e-01 2.063e-01
1.900e+02 3.100e+01 3.000e+01 2.900e+01 3.500e+01 2.600e+01 3.900e+01 1.632e-01 1.579e-01 1.526e-01 1.842e-01 1.368e-01 2.053e-01
1.910e+02 3.100e+01 3.000e+01 2.900e+01 3.600e+01 2.600e+01 3.900e+01 1.623e-01 1.571e-01 1.518e-01 1.885e-01 1.361e-01 2.042e-01
1.920e+02 3.100e+01 3.000e+01 2.900e+01 3.700e+01 2.600e+01 3.900e+01 1.615e-01 1.562e-01 1.510e-01 1.927e-01 1.354e-01 2.031e-01
1.930e+02 3.100e+01 3.000e+01 3.000e+01 3.700e+01 2.600e+01 3.900e+01 1.606e-01 1.554e-01 1.554e-01 1.917e-01 1.347e-01 2.021e-01
1.940e+02 3.100e+01 3.000e+01 3.000e+01 3.800e+01 2.600e+01 3.900e+01 1.598e-01 1.546e-01 1.546e-01 1.959e-01 1.340e-01 2.010e-01
1.950e+02 3.100e+01 3.000e+01 3.100e+01 3.800e+01 2.600e+01 3.900e+01 1.590e-01 1.538e-01 1.590e-01 1.949e-01 1.333e-01 2.000e-01
1.960e+02 3.100e+01 3.000e+01 3.100e+01 3.800e+01 2.600e+01 4.000e+01 1.582e-01 1.531e-01 1.582e-01 1.939e-01 1.327e-01 2.041e-01
1.970e+02 3.100e+01 3.100e+01 3.100e+01 3.800e+01 2.600e+01 4.000e+01 1.574e-01 1.574e-01 1.574e-01 1.929e-01 1.320e-01 2.030e-01
1.980e+02 3.100e+01 3.100e+01 3.200e+01 3.800e+01 2.600e+01 4.000e+01 1.566e-01 1.566e-01 1.616e-01 1.919e-01 1.313e-01 2.020e-01
1.990e+02 3.100e+01 3.200e+01 3.200e+01 3.800e+01 2.600e+01 4.000e+01 1.558e-01 1.608e-01 1.608e-01 1.910e-01 1.307e-01 2.010e-01
2.000e+02 3.100e+01 3.200e+01 3.300e+01 3.800e+01 2.600e+01 4.000e+01 1.550e-01 1.600e-01 1.650e-01 1.900e-01 1.300e-01 2.000e-01
